2009-11-02 07:00:47 - 2009-11-30 17:55:29
Balance generale : 23491.370000 (-293442.770000/316934.140000)
Balance Clients/Fournisseurs
  ARGA003 : -1389.320000 (-16814.820000/15425.500000)
  BEGL001 : -16638.750000 (-33096.720000/16457.970000)
  DUPO011 : 14130.540000 (-19027.870000/33158.410000)
  DURA004 : 5246.380000 (-26564.020000/31810.400000)
  DURA007 : -9063.470000 (-49592.710000/40529.240000)
  KALI001 : 28142.500000 (-23234.580000/51377.080000)
  RATR002 : -3952.900000 (-27395.370000/23442.470000)
  SCHN002 : -12313.570000 (-49824.050000/37510.480000)
  TOTA001 : -3946.680000 (-24287.780000/20341.100000)
  VINC002 : 23276.640000 (-23604.850000/46881.490000)
Balance par ligne de credit
  ADMI : -159715.850000 (-159715.850000/0.000000)
  CAMB : 58913.120000 (0.000000/58913.120000)
  CORB : 50463.370000 (0.000000/50463.370000)
  DRAG : 64874.690000 (0.000000/64874.690000)
  GIFS : 38463.190000 (0.000000/38463.190000)
  LIMO : 47078.330000 (0.000000/47078.330000)
  PROD : -133726.920000 (-133726.920000/0.000000)
  STRA : 57141.440000 (0.000000/57141.440000)
