Balance generale : 23491.370000 (-293442.770000/316934.140000)
Balance Clients/Fournisseurs
  ARGA003 : -1389.320000 (-16814.820000/15425.500000)
  BEGL001 : -16638.750000 (-33096.720000/16457.970000)
  DUPO011 : 14130.540000 (-19027.870000/33158.410000)
  DURA004 : 5246.380000 (-26564.020000/31810.400000)
  DURA007 : -9063.470000 (-49592.710000/40529.240000)
  KALI001 : 28142.500000 (-23234.580000/51377.080000)
  RATR002 : -3952.900000 (-27395.370000/23442.470000)
  SCHN002 : -12313.570000 (-49824.050000/37510.480000)
  TOTA001 : -3946.680000 (-24287.780000/20341.100000)
  VINC002 : 23276.640000 (-23604.850000/46881.490000)
Balance par ligne de credit
  ADMI : -159715.850000 (-159715.850000/0.000000)
  CAMB : 58913.120000 (0.000000/58913.120000)
  CORB : 50463.370000 (0.000000/50463.370000)
  DRAG : 64874.690000 (0.000000/64874.690000)
  GIFS : 38463.190000 (0.000000/38463.190000)
  LIMO : 47078.330000 (0.000000/47078.330000)
  PROD : -133726.920000 (-133726.920000/0.000000)
  STRA : 57141.440000 (0.000000/57141.440000)
Balance par employe
  BESS006 : -5253.090000 (-49724.920000/44471.830000)
  CHAS003 : 3536.900000 (-56782.040000/60318.940000)
  COUV001 : -2012.590000 (-29283.660000/27271.070000)
  DAGU002 : 14108.940000 (-23370.170000/37479.110000)
  DUBR005 : 8619.840000 (-18925.830000/27545.670000)
  LUCA001 : -8420.810000 (-30643.930000/22223.120000)
  MART013 : -7564.050000 (-20040.200000/12476.150000)
  MILA003 : -3725.310000 (-27166.580000/23441.270000)
  SAIN009 : 20887.990000 (-16195.950000/37083.940000)
  TARR001 : 3313.550000 (-21309.490000/24623.040000)
