Balance generale : 1603.970000 (-13475.740000/15079.710000)
Balance Clients/Fournisseurs
  ARGA003 : 2318.530000 (-45.520000/2364.050000)
  BEGL001 : -1875.950000 (-1875.950000/0.000000)
  DUPO011 : -268.130000 (-268.130000/0.000000)
  DURA004 : 2087.230000 (-2224.340000/4311.570000)
  DURA007 : -2590.350000 (-3804.880000/1214.530000)
  KALI001 : 471.950000 (-997.120000/1469.070000)
  RATR002 : -1956.160000 (-2047.100000/90.940000)
  SCHN002 : 3691.410000 (0.000000/3691.410000)
  TOTA001 : 44.480000 (-1893.660000/1938.140000)
  VINC002 : -319.040000 (-319.040000/0.000000)
Balance par ligne de credit
  ADMI : -2554.470000 (-2554.470000/0.000000)
  CAMB : 2364.050000 (0.000000/2364.050000)
  CORB : 9019.690000 (0.000000/9019.690000)
  GIFS : 452.360000 (0.000000/452.360000)
  LIMO : 1938.140000 (0.000000/1938.140000)
  PROD : -10921.270000 (-10921.270000/0.000000)
  STRA : 1305.470000 (0.000000/1305.470000)
